#JOSM PicLayer plugin calibration data
#Wed Nov 27 11:39:15 CST 2019
POSITION_Y=3173301.624083629
POSITION_X=1.3150530565858128E7
M12=-10.000617589414615
M11=0.7926946431703744
M10=0.4592142765786428
M02=4.105252457237279
INITIAL_SCALE=2.9479790487857005
M01=-0.46777002453154876
M00=0.8070490215696857
