#JOSM PicLayer plugin calibration data
#Thu Nov 28 17:33:51 CST 2019
POSITION_Y=3173189.058687441
POSITION_X=1.3150434436144901E7
M12=-54.81662348354726
M11=0.23249804772363808
M10=0.13719279209277938
M02=-24.228381811055648
INITIAL_SCALE=10.240000355905092
M01=-0.13621981416496654
M00=0.2343556505718382
