#JOSM PicLayer plugin calibration data
#Fri Nov 29 11:18:31 CST 2019
POSITION_Y=3173162.122672776
POSITION_X=1.3150464469044413E7
M12=-113.07740877576445
M11=0.44274911985076343
M10=0.2480696309393156
M02=127.62725469654626
INITIAL_SCALE=10.355034664032765
M01=-0.2480696309393156
M00=0.44274911985076343
