#JOSM PicLayer plugin calibration data
#Wed Nov 13 14:45:02 CST 2019
POSITION_Y=3173227.591211894
POSITION_X=1.3150516798315292E7
M12=-4.179950268879258
M11=0.2648258446957464
M10=0.0
M02=-11.535814443339543
INITIAL_SCALE=20.497922669602758
M01=0.0
M00=0.2648258446957464
