#JOSM PicLayer plugin calibration data
#Fri Nov 29 11:23:06 CST 2019
POSITION_Y=3173174.077522801
POSITION_X=1.3150479277508399E7
M12=-8.106366265787617
M11=0.6117524400028482
M10=0.3435764292426657
M02=13.635541582717577
INITIAL_SCALE=7.614390413905778
M01=-0.3435764292426657
M00=0.6117524400028482
