#JOSM PicLayer plugin calibration data
#Mon Nov 25 18:05:15 CST 2019
POSITION_Y=3173315.296273334
POSITION_X=1.315067708828183E7
M12=1.153034513017028
M11=1.0491077069404116
M10=0.02669742274466324
M02=5.070562636366378
INITIAL_SCALE=2.5600000344554505
M01=-0.026504714346715426
M00=1.0415349959932618
