#JOSM PicLayer plugin calibration data
#Thu Nov 28 13:45:00 CST 2019
POSITION_Y=3173255.3322436092
POSITION_X=1.3150617985953894E7
M12=-16.158839923129783
M11=0.3282292572252177
M10=0.18953293818111097
M02=2.3787350277945976
INITIAL_SCALE=5.680001332663313
M01=-0.18953293818111097
M00=0.3282292572252177
