#JOSM PicLayer plugin calibration data
#Wed Nov 27 09:47:44 CST 2019
POSITION_Y=3173302.4246214386
POSITION_X=1.3150531419007428E7
M12=8.800917053059173
M11=0.6908922066380473
M10=0.39273982735990265
M02=-18.32653794766408
INITIAL_SCALE=3.365332393258993
M01=-0.4048512214778101
M00=0.7111599638040174
