#JOSM PicLayer plugin calibration data
#Thu Nov 28 17:35:41 CST 2019
POSITION_Y=3173201.471547447
POSITION_X=1.3150471177606419E7
M12=33.04558949762644
M11=0.1515085723087074
M10=0.08803536599162898
M02=-217.53367008246096
INITIAL_SCALE=15.845243228904039
M01=-0.08803536599162898
M00=0.1515085723087074
