#JOSM PicLayer plugin calibration data
#Mon Nov 18 16:28:37 CST 2019
POSITION_Y=3173184.779520321
POSITION_X=1.3150731143651512E7
M12=-158.23657702518554
M11=0.07863533822476756
M10=9.808599027099573E-4
M02=-186.6165271035265
INITIAL_SCALE=27.175002921178265
M01=-9.808599027099573E-4
M00=0.07863533822476756
