#JOSM PicLayer plugin calibration data
#Mon Nov 18 16:27:56 CST 2019
POSITION_Y=3173232.7374878433
POSITION_X=1.3150674415787537E7
M12=-1.3976788906465802
M11=0.4219727955327889
M10=0.0
M02=-6.40783871195708
INITIAL_SCALE=5.120000737694526
M01=0.0
M00=0.4219727955327889
