#JOSM PicLayer plugin calibration data
#Tue Nov 26 14:07:33 CST 2019
POSITION_Y=3173314.7318932815
POSITION_X=1.3150676803191943E7
M12=-21.131806374328217
M11=1.5127809797263232
M10=0.047005418346824056
M02=11.857521262046902
INITIAL_SCALE=1.779969833684071
M01=-0.047005418346824056
M00=1.5127809797263232
