#JOSM PicLayer plugin calibration data
#Mon Nov 25 18:05:17 CST 2019
POSITION_Y=3173378.508051255
POSITION_X=1.3150605658217072E7
M12=123.13613280827651
M11=0.05940505944782526
M10=0.0015089042426256333
M02=140.81607498609438
INITIAL_SCALE=45.022761011287024
M01=-0.0015089042426256333
M00=0.05940505944782526
