#JOSM PicLayer plugin calibration data
#Tue Nov 26 14:07:40 CST 2019
POSITION_Y=3173314.560640309
POSITION_X=1.3150678778750658E7
M12=-13.075370921017827
M11=1.2018327205304744
M10=0.03298356416822719
M02=-75.3165570534215
INITIAL_SCALE=2.2437997575182593
M01=-0.03298356416822719
M00=1.2018327205304744
