#JOSM PicLayer plugin calibration data
#Thu Nov 28 17:00:48 CST 2019
POSITION_Y=3173314.635858674
POSITION_X=1.3150677987864932E7
M12=-10.676258479084721
M11=0.9321824612331591
M10=0.018843148882537138
M02=-20.659212534221716
INITIAL_SCALE=2.845625873255217
M01=-0.018843148882537138
M00=0.9321824612331591
