#JOSM PicLayer plugin calibration data
#Thu Nov 14 15:53:57 CST 2019
POSITION_Y=3173218.1691801376
POSITION_X=1.3150619493833128E7
M12=-69.78775489716728
M11=0.10245223222489203
M10=4.3653175095103E-4
M02=13.25924104531238
INITIAL_SCALE=13.210159519434331
M01=-4.3653175095103E-4
M00=0.10245223222489203
