#JOSM PicLayer plugin calibration data
#Thu Nov 28 11:22:00 CST 2019
POSITION_Y=3173221.782456446
POSITION_X=1.315057139796535E7
M12=-61.59139578026566
M11=0.17034776142205652
M10=0.09772355679420952
M02=35.38150443682635
INITIAL_SCALE=6.86091129979192
M01=-0.09756201220359323
M00=0.17062982570875754
