#JOSM PicLayer plugin calibration data
#Thu Nov 28 15:09:55 CST 2019
POSITION_Y=3173255.8126271055
POSITION_X=1.3150620446608324E7
M12=0.6278607392679486
M11=0.7248490628074055
M10=0.41191378288718467
M02=-77.38452143332667
INITIAL_SCALE=2.60696318461746
M01=-0.41191378288718467
M00=0.7248490628074055
