#JOSM PicLayer plugin calibration data
#Tue Nov 26 16:12:14 CST 2019
POSITION_Y=3173222.7671813094
POSITION_X=1.3150485075831465E7
M12=-12.644185896480463
M11=0.20383302091780678
M10=0.11568327979479401
M02=-40.904903933259675
INITIAL_SCALE=8.978768998602794
M01=-0.11568327979479401
M00=0.20383302091780678
