#JOSM PicLayer plugin calibration data
#Tue Nov 26 16:52:28 CST 2019
POSITION_Y=3173230.488883748
POSITION_X=1.3150480558816133E7
M12=226.67604266706041
M11=0.843662170923754
M10=0.4807641803398657
M02=77.5180837149586
INITIAL_SCALE=2.1673766522970426
M01=-0.4807641803398657
M00=0.843662170923754
