#JOSM PicLayer plugin calibration data
#Tue Nov 26 10:36:43 CST 2019
POSITION_Y=3173287.9007683443
POSITION_X=1.3150617376995023E7
M12=79.73833333400967
M11=0.18004517297494188
M10=0.0025220514204278895
M02=255.63076832533406
INITIAL_SCALE=15.988315408818524
M01=-0.0025220514204278895
M00=0.18004517297494188
