#JOSM PicLayer plugin calibration data
#Thu Nov 28 15:53:17 CST 2019
POSITION_Y=3173307.319432294
POSITION_X=1.3150569781045562E7
M12=67.90212286867808
M11=0.08847130541529064
M10=0.053474212451333734
M02=61.495693838003696
INITIAL_SCALE=27.88900129627058
M01=-0.05260757581703218
M00=0.09000524528110004
